1
2050
4
5
6
7
8
11
12
13
14
16
19
6165
23
24
25
2075
28
31
6176
2081
2083
6180
6150
2087
41
42
6889
44
6194
51
2398
2105
6202
4157
2110
63
64
6210
7179
69
72
74
75
76
80
81
2403
85
87
89
90
6238
98
6243
100
2149
102
2153
107
108
110
113
2162
115
5822
118
119
2169
122
2173
126
4226
134
2071
2072
2755
2414
156
159
2208
4260
6311
168
172
6514
174
4273
2228
6175
190
4287
4288
6338
6342
202
203
204
4131
6361
2272
2273
227
2276
2278
2281
6183
2287
2289
244
245
246
2295
2298
6398
2303
257
258
259
260
261
262
263
264
265
268
269
270
271
273
274
275
276
277
279
280
281
282
283
284
285
286
287
288
289
293
294
295
296
297
298
299
300
301
302
303
304
305
306
307
308
309
4407
312
313
314
315
316
317
318
319
321
2370
323
2372
6469
326
327
328
329
330
331
332
333
4431
338
6483
2390
344
345
346
349
350
351
354
355
360
361
6507
365
366
367
368
369
370
371
372
373
374
375
6521
379
381
6527
384
385
386
387
6533
6534
391
393
394
6539
6542
399
2457
2462
2463
6560
6563
6567
6570
2479
2120
6578
2484
2488
449
6219
6598
6600
6602
4556
6605
6224
3835
4582
4588
2545
6648
6768
2555
2133
2135
6668
6670
2137
2585
2138
2593
5212
7602
2610
2612
4663
571
2623
2632
2635
2636
6242
5901
2640
6744
2148
7044
4699
607
2657
2659
6246
6763
623
624
625
626
627
2678
631
635
636
638
639
640
641
2690
643
645
2696
649
650
652
653
655
6800
2706
659
660
6254
662
663
664
665
666
2717
671
2720
673
2722
6819
678
679
680
681
682
683
2732
6258
686
692
693
695
696
697
5919
700
703
704
2754
707
708
710
4807
6604
714
6263
717
719
722
2771
4823
6877
7291
2792
3196
5245
2801
2803
2805
6906
3199
7296
2829
4878
2833
3203
2837
2838
6505
6949
6954
6955
5938
2867
6965
7305
4929
4936
6994
2904
4958
2914
2915
6630
7014
4968
5949
4980
4462
2935
7032
4985
2948
2949
2951
5002
2956
7054
5007
2961
7061
2968
2970
2971
7073
5031
2984
5034
7084
6101
5052
959
3008
5057
5059
964
3015
968
969
970
971
972
7330
974
975
976
977
978
979
5076
981
5079
984
987
988
5086
991
7140
5093
1001
1002
5099
7150
2352
1010
3060
5110
7162
1019
1020
5119
5121
3075
5126
7175
1032
5129
3083
5132
5136
2222
3097
1050
5156
3109
5158
3111
3117
5166
7216
3122
7219
3125
3128
5179
7230
7350
5193
5196
7249
7251
5205
3158
5207
1113
7258
5211
1116
1117
1118
3167
7266
7267
5220
3179
3184
5235
5236
7285
3190
1145
3194
5243
1148
3946
1150
1151
1152
2067
3204
5254
5255
3208
3209
1162
2583
1165
1169
3220
1174
1175
5274
6245
3232
3234
3236
3237
3242
6450
3245
3246
4637
5300
1206
1208
1215
1216
6519
1220
1221
1222
7368
2252
1227
3277
1230
1236
5326
5335
5336
1241
1242
5341
5345
7395
1254
7401
3310
1271
7416
5369
7418
5373
1279
5376
1282
1283
6112
6794
7439
1299
1300
7448
4996
7169
7455
1314
1315
1316
1326
7389
3522
7482
7483
5436
6216
5447
7501
1361
7033
5459
1375
5472
7057
5484
7533
5486
5493
4329
5498
1412
5511
2366
5358
1431
5529
5530
1438
1439
1442
7587
1444
1445
1447
1452
3506
1463
5564
5565
5566
1474
7619
1478
3528
5708
5578
5629
4482
5585
5603
5604
1525
1530
1531
1532
1533
1534
3583
1536
5633
5640
5642
5379
5656
5663
5665
7430
2311
2312
5684
1597
1606
6753
1608
1609
1612
1613
1615
1616
5713
1618
1619
1621
1622
2319
1628
1629
1632
3683
5744
1658
7352
4032
3716
3725
5774
3728
5782
1692
2672
1701
2332
1706
2674
5806
2675
3017
5816
5817
1726
1728
3783
5833
1738
2679
5839
5840
5411
5070
1754
6438
2684
3818
1779
1781
1783
1784
6100
2687
5887
1792
1797
1802
1803
1805
6888
5904
1809
5906
1813
1814
1815
1818
6447
1820
1822
2693
5920
1825
3876
5925
3878
5927
5928
1835
1837
1839
1841
3890
3892
6111
1852
1853
1854
1856
1857
5954
1862
1863
1864
5964
5968
1877
1878
4409
1883
1886
1888
5776
1890
1894
3943
6460
1898
1904
1909
2367
1916
1921
1923
1924
1925
1929
1932
2712
5632
3993
6047
1955
4004
1957
1961
1962
1964
6066
4021
1980
6408
1984
4037
2001
2004
4053
6102
2011
6108
6109
5797
2016
6114
6118
2026
6124
2032
6134
2042
6141
2047
