2
4
5
6
7
8
10
12
13
17
18
20
22
2072
2053
41
42
4152
4157
63
64
69
70
72
75
76
82
84
85
87
89
2138
92
94
97
98
99
2149
4198
103
104
105
108
110
111
113
115
116
117
2169
122
123
131
4230
137
139
142
145
148
2198
153
157
167
168
2222
176
4276
4287
4288
2252
4302
209
4318
2272
2276
4329
4331
2289
244
4341
246
2303
257
258
4355
260
261
262
263
2312
265
266
268
269
4367
273
274
275
276
277
279
280
281
282
283
284
285
288
289
292
295
299
4396
301
4829
2352
305
306
307
309
4407
4409
314
4411
316
317
319
321
2370
4423
328
4426
333
4431
2389
2398
351
353
2407
364
365
366
368
369
370
371
372
375
377
4482
401
2457
2462
4556
4561
4567
4575
4582
4588
2563
4614
2577
2585
4637
2590
4640
2603
4653
1117
2623
2631
2632
4699
623
2153
639
647
2696
649
1474
2706
662
2712
665
2717
2720
673
2728
2732
695
4212
701
703
2754
2755
710
2765
719
722
2771
2781
4833
2787
2792
3196
2801
2807
2829
2837
2854
2864
2866
2914
486
2949
2956
2961
2965
2968
2969
2971
2979
2984
3008
972
5070
975
3024
981
3039
3060
1019
3083
3097
1054
3125
3128
2228
3156
3161
3162
3165
1118
3167
3168
3179
3184
3194
1148
3203
3204
3209
1169
3218
3232
3234
3240
3242
3245
3248
3249
1216
1221
3277
1236
1241
1271
1274
1283
3338
3340
1299
1309
180
1316
3398
3421
1376
1431
1439
1442
1445
3496
1463
245
3522
1478
3528
3541
3560
3573
3583
1537
4011
1611
1612
1613
1615
1616
1618
1621
1622
271
1628
3683
1684
1692
3791
1315
974
976
3818
1781
2687
3837
1792
1808
1809
1814
1822
3880
3907
3908
1883
1890
3943
3946
1901
1909
2367
1924
1925
1930
4004
1962
1963
4022
4032
4037
4053
6102
2011
4066
6141
